0 0 1102
0 0 726
0 0 708
0 0 1064
0 0 312
0 0 1336
0 0 1321
1 0 1064
1 0 1102
0 0 1933
0 0 1550
0 0 1138
1 0 708
0 0 1595
0 0 1654
0 0 1950
0 0 1271
0 0 1720
0 0 58
0 0 813
0 0 1283
1 0 1950
0 0 1206
0 0 88
0 0 297
1 0 1102
0 0 715
1 0 813
0 0 1288
0 0 1536
1 0 312
1 0 708
1 0 1536
0 0 582
0 0 1146
0 0 249
0 0 1292
1 0 726
0 0 646
0 0 1857
0 0 717
1 0 1146
0 0 422
0 0 1041
0 0 1570
0 0 142
0 0 1344
0 0 1883
0 0 77
0 0 1855
1 0 1570
1 0 708
0 0 1897
0 0 241
0 0 1944
0 0 1268
0 0 661
0 0 111
1 0 1138
0 0 1448
0 0 1473
0 0 1303
1 0 1041